"Eur grav; 100x100x50km; 3 large fracs, 0 small; 10 mW/m2; un perm = 10e-17"
cont
avs 10000  365e8
material
liquid
velocity
temperature
pressure
flux
source
endavs
sol
1    -1
node  
13 
271231 271225 271222 271221 271220 271219 271211 271202 271201 271200 271198 271121 271113
node  
13
271899 271893 271890 271889 271889 271887 271879 271870 271869 271868 271865 271857 271849
node  
13 
272551 272545 272542 272541 272540 272539 272531 272522 272521 272520 272518 272593 272585
node  
7 
271545 271544 271540 271535 271530 271518 271510
node  
7 
272238 272237 272233 272228 272223 272211 272203
node
7 
273161 273160 273156 273151 273146 273134 273126
eos
5  0  0
21.  50.  997.   0.0   -0.45  0.23   0.0  4.2e-03  5.5e-04  0. 0.
0.1  20.  1.29   0.     0.    2.5   0.     0.1     2.e-4   0. 0.
flow 
file
s5_3fr_sm0_p17un_10mW_r.flow
perm
file
s5_3fr_sm0_p17un_10mW_r.perm
rock
file
s5_3fr_sm0_p17un_10mW_r.rock
cond
file
s5_3fr_sm0_p17un_10mW_r.cond
ppor
file
s5_3fr_sm0_p17un_10mW_r.ppor
hflx 
-5 0 0 2.0 1.e6
0
hflx
file
s5_3fr_sm0_p17un_10mW_r.hflx
time
1.e-4 365e8  10000  10  0   1   0
0.0    0.0    0.0    0.0
ctrl
-50 1.e-04  25 100 gmre
1   0   0   2
0   0   0   0
1.0  3  1.0 
7   1.2   1.e-6  365e5
0   1
stop

